0.000000 -0.000000 -35.089351 0.000000 0.000000 0.000000 0.000000 0.000000 0.000000
0.000000 -0.000000 -35.085649 0.000000 0.000000 0.000000 0.000000 0.000000 0.000000
0.000000 -0.000000 -35.083645 0.000000 0.000000 0.000000 0.000000 0.000000 0.000000
0.000000 -0.000000 -35.081662 0.000000 0.000000 0.000000 0.000000 0.000000 0.000000
0.000000 -0.000000 -35.079651 0.000000 0.000000 0.000000 0.000000 0.000000 0.000000
0.000000 -0.000000 -35.081052 0.000000 0.000000 0.000000 0.000000 0.000000 0.000000
0.000000 -0.000000 -35.077356 0.000000 0.000000 0.000000 0.000000 0.000000 0.000000
0.000000 -0.000000 -35.075353 0.000000 0.000000 0.000000 0.000000 0.000000 0.000000
0.000000 -0.000000 -35.073351 0.000000 0.000000 0.000000 0.000000 0.000000 0.000000
0.000000 -0.000000 -35.071347 0.000000 0.000000 0.000000 0.000000 0.000000 0.000000
